0
243
519
747
1015
1282
1519
1738
1887
2113
2319
2617
2900
3131
3430
3741
4021
4282
4650
4920
5278
5528
5772
6206
6582
6903
7301
7692
8008
8466
9093
9534
10192
10460
10767
11093
11383
11693
11989
12280
12637
12919
13241
13562
13874
14230
14664
15031
15510
15796
16159
16511
16933
17315
17613
17971
18358
18753
19166
19752
20280
20757
21348
21981
22624
22887
23052
23391
23517
23731
24276
24506
24782
25267
25640
26140
26853
27278
27472
27963
28379
29422
30662
31287
32661
33542
34340
35311
36047
36507
37668
38207
39056
39982
40589
41174
41799
42199
42969
43542
44270
44841
45487
46230
47207
48018
48988
49891
50997
51900
52750
53645
54510
55062
55800
56357
56886
57461
58119
58597
59279
60004
60604
61302
62131
62660
63338
63927
64703
65067
65412
65784
66148
66597
67089
67640
68271
68645
69032
69490
69994
70577
71272
71809
72485
73051
73798
74469
75360
76240
77048
78062
79164
80073
80951
81727
82547
83534
84598
85444
86672
87156
87799
88113
88768
89596
90408
91210
92121
92694
93207
94052
95100
95807
96427
97699
99250
100139
101040
101973
103038
103985
105640
106814
108443
109095
110200
112038
113880
115843
117649
119530
121288
122274
123139
124388
125200
125859
126386
126994
127673
129088
130308
132133
134112
134969
136081
137495
138601
139551
140414
141279
141957
142761
143563
144336
145201
146103
146751
147399
148138
149039
149891
150882
151665
153713
155357
157201
158668
159873
160413
161163
161880
163238
163952
164650
165321
166184
167143
168124
168963
169638
170369
171141
171832
172740
173536
174403
175189
175824
176529
177310
178082
178790
179570
180349
180850
181114
181351
181629
181857
182037
182192
182423
182667
182928
183176
183487
183735
183985
184253
184491
184709
184890
185078
185283
185483
185656
185821
186026
186216
186478
186688
186930
187179
187437
187701
187950
188197
188837
189248
189867
190398
190740
191084
191566
191967
192709
193339
194153
194836
195334
195875
196605
197233
197463
197726
198087
198294
198585
198792
198914
199082
199570
200014
200569
201080
201500
201919
202324
202766
202985
203261
203492
203742
203980
204221
204483
204734
204957
205268
205526
205756
206036
206315
206550
206773
206957
207187
207433
207661
207931
208236
208508
208809
209054
209251
209372
209586
209811
210073
210366
210672
210874
211010
211218
211513
211742
211980
212295
212627
212943
213263
213627
214006
214381
214761
215160
215556
215872
216145
216487
216810
217109
217471
217819
218170
218511
218873
219292
219672
220041
220441
220843
221220
222012
222715
223363
223950
224555
225176
225757
226412
227355
228037
228834
229557
230204
230726
231404
231961
232536
233085
233668
234214
234707
235093
235558
235961
236513
236961
237385
237843
238255
238692
239188
239639
240538
241225
242132
242931
243602
244227
244945
245585
246444
247200
248056
248987
249613
250276
251096
251731
252323
252854
253431
254010
254553
255109
255803
256547
257232
257987
258593
259246
259970
260539
261179
261913
262277
262637
263036
263450
263838
264235
264641
265070
265501
265870
266380
266866
267314
267707
268122
268565
269010
269389
269779
270215
270618
271043
271447
271889
272296
272701
273112
273593
274015
274467
274897
275358
275901
276429
277111
277664
278212
278728
279327
279965
280576
281197
281988
282657
283345
284082
284789
285475
286001
286474
287116
287689
288210
288731
289322
289846
290541
291278
292027
292750
293387
293970
294640
295089
295266
295503
295706
295939
296244
296592
296796
297090
297319
297554
297745
297949
298201
298413
298624
298816
299129
299464
299777
300089
300538
300991
301396
301800
302163
302465
302783
303107
303466
303892
304243
304665
304873
305099
305302
305562
305794
306030
306283
306539
306758
307017
307294
307548
307832
308106
308398
308693
308987
309325
309631
309973
310334
310719
311090
311456
311762
312105
312413
312733
313106
313467
313849
314198
314738
315284
315749
316252
316860
317509
318146
318741
319218
319676
320117
320588
321132
321685
322152
322660
323393
324098
324723
325307
326016
326730
327370
328045
328573
329133
329639
330197
330809
331515
332094
332719
333168
333584
333955
334359
334812
335281
335681
336147
336507
336904
337263
337646
338052
338488
338883
339300
339806
340309
340755
341215
341769
342354
342861
343438
343918
344376
344863
345357
345891
346482
347002
347582
347845
348139
348416
348716
349012
349284
349594
349939
350208
350498
350790
351099
351384
351714
352021
352339
352648
352974
353259
353582
353920
354216
354576
354926
355269
355590
355904
356207
356526
356858
357139
357455
357725
358008
358314
358602
358890
359178
359464
359763
360041
360331
360575
360846
361143
361425
361719
362033
362341
362665
362960
363264
363616
363961
364284
364650
364991
365324
365657
366049
366427
366775
367104
367485
367832
368200
368532
368897
369276
369653
370012
370435
370778
371158
371536
371932
372291
372706
373088
373508
373980
374448
374922
375399
375880
376486
377017
377625
378083
378541
379008
379517
380063
380669
381244
381848
382223
382574
382905
383235
383627
384052
384469
384887
385247
385610
385989
386432
386888
387322
387775
388288
388781
389273
389745
390283
390827
391502
392074
392695
393187
393737
394205
394716
395309
395878
396358
396911
397290
397510
398042
398533
398771
399048
399303
399619
400231
400788
401523
402149
402647
403021
403560
404219
404472
404788
405144
405467
405794
406106
406450
406757
407055
407523
408000
408554
408966
409300
409893
410416
411458
412213
413732
414991
415595
416292
417186
418051
420166
422049
423659
425435
427063
428521
430037
431687
432284
433011
433740
434564
435204
436245
437734
439419
440937
442771
444494
446282
448441
450658
453028
454863
455238
455722
456080
456645
457386
458157
459090
460044
460405
461284
462198
463340
464460
465495
466669
467838
468611
469309
470227
471102
471824
472612
473596
474679
475778
476762
477889
479014
480112
481582
483164
484976
486181
487466
489075
490510
491932
493343
494833
496368
498327
499991
501563
503370
505258
507587
509504
511759
513290
514956
517000
519072
520710
522695
524761
526426
529112
531325
534073
536143
537826
539354
540982
542334
543261
544591
545996
547820
549981
552273
555358
558067
560018
562305
564012
565857
568362
570544
572373
574265
576245
578171
580761
582950
584711
586060
587835
589470
591725
593767
595658
597378
599101
600647
602269
603962
605440
607059
608312
609387
610859
612463
613658
614832
615837
616800
617624
618428
619424
620327
621163
621948
623357
624900
626096
627227
628570
630017
631138
632253
633165
634034
634821
635574
636583
637509
638246
638935
640521
642176
643943
644678
646204
647847
648675
649698
651417
652594
654097
655208
656006
656993
657852
658737
660114
660990
662257
663353
664329
665112
665891
666632
667809
668909
669896
670846
671825
672676
673514
674369
675864
677114
678278
679416
680306
681095
681918
682582
683455
684305
684981
685713
686524
687228
687917
688642
689397
689886
690410
690884
691496
692467
693015
693783
694536
695321
695977
696677
697359
697989
698707
699236
699561
699868
700174
700503
700776
701048
701395
701730
701995
702290
702571
702852
703182
703495
703753
704043
704308
704563
704882
705177
705449
705731
706016
706244
706550
706848
707189
707469
707774
708021
708335
708594
708866
709138
709415
709712
709941
710215
710394
710618
710912
711188
711466
711698
711910
712140
712414
712622
712912
713221
713444
713740
714006
714290
714570
714850
715145
715423
715649
715914
716210
716456
716711
716979
717266
717506
717785
718068
718345
718644
718871
719109
719397
719657
719913
720094
720315
720540
720773
721046
721293
721543
721854
722105
722393
722640
722856
723102
723357
723637
723900
724167
724433
724728
725008
725252
725485
725687
725907
726111
726305
726553
726741
726977
727248
727461
727706
727984
728200
728399
728596
728757
729006
729319
729560
729859
730098
730413
730715
730942
731117
731360
731586
731778
732063
732352
732621
732894
733066
733262
733439
733607
733864
734127
734363
734647
734867
735041
735193
735383
735553
735788
736004
736205
736439
736636
736874
737119
737363
737610
737813
738000
738238
738483
738714
738947
739185
739335
739557
739787
739993
740231
740382
740616
740797
741003
741212
741420
741626
741882
742162
742406
742675
742872
743122
743373
743597
743860
744093
744293
744523
744812
745077
745360
745571
745857
746086
746355
746612
746998
747293
747591
747926
748220
748526
748859
749105
749281
749463
749664
749863
750208
750429
750809
751154
751343
751747
752120
752281
752491
752710
752925
753191
753509
753744
754063
754242
754542
754820
754991
755323
755668
756020
756480
756752
757046
757301
757559
758005
758490
758964
759507
759899
760213
760643
761132
761550
762134
762673
763247
763607
763914
764419
764833
765058
765351
765800
766099
766600
767137
767707
768366
768870
769572
770238
770826
771527
772419
773106
773963
774981
776078
777054
778217
778906
779717
780402
781207
782177
783336
784276
785288
786848
788772
790227
791976
794166
796666
798262
800128
801435
802631
803669
804782
805881
807172
808437
809579
810270
811048
811698
812430
813297
814193
814875
815631
816228
816863
817386
817933
818532
819107
819647
820217
821067
822080
822858
823488
824414
825384
826084
827008
827682
828147
828717
829172
829786
830473
830896
831467
833735
836246
838449
840871
842551
843532
845388
846807
848409
850478
852001
854129
856075
857494
859430
861086
861672
862064
863089
863645
863957
864219
864608
864887
865799
866610
867817
868597
869166
869507
870192
870764
872251
874135
875256
877002
879113
880728
882678
884310
885303
886309
887155
887968
889698
891379
892636
894086
895377
896521
897975
899198
899944
900581
901618
902394
904122
905560
907044
908402
909424
910311
911354
912291
912807
913187
913645
914232
914684
915241
915759
916270
916694
917160
917544
917979
918471
919003
919473
919916
920515
921116
921783
922446
922952
923308
923963
924577
925160
925748
926355
927069
927746
928436
929238
929807
930159
930493
930842
931159
931588
932006
932271
932558
932933
933274
933566
933886
934246
934565
934882
935230
935593
936140
936455
936839
937535
938146
938552
938920
939214
939440
939829
940072
940356
940587
940785
941038
941474
942341
942775
943600
944827
945690
947018
948097
948789
949570
950082
950813
952141
953365
954324
955476
956749
958055
958914
960130
961117
961976
963155
964124
965280
966206
967395
968481
969727
970791
971755
972727
973139
973577
974046
974568
975157
976080
976663
977522
977836
978199
978587
978979
979371
979715
980199
980560
981747
982932
983860
985123
986117
987081
988000
988818
989573
990486
991282
992336
993309
994064
994911
995786
996392
997016
997617
998083
998363
998683
999085
999296
999849
1000333
1000917
1001396
1001772
1002060
1002510
1002909
1003271
1003591
1003847
1004082
1004374
1004660
1004874
1005094
1005271
1005519
1005770
1005951
1006123
1006276
1006465
1006617
1007164
1007682
1008148
1008599
1009088
1009496
1009942
1010376
1010757
1011046
1011354
1011680
1011939
1012241
1012507
1012752
1013104
1013295
1013630
1013913
1014083
1014274
1014457
1014654
1014966
1015322
1015557
1015761
1016042
1016297
1016589
1016862
1017115
1017385
1017603
1017856
1018082
1018342
1018648
1018882
1019090
1019271
1019444
1019585
1019788
1020029
1020192
1020449
1020654
1020881
1021103
1021294
1021432
1021667
1021831
1022031
1022260
1022453
1022666
1022882
1023101
1023260
1023505
1023671
1023852
1024011
1024176
1024335
1024516
1024697
1024855
1025009
1025243
1025419
1025656
1025911
1026111
1026279
1026517
1026745
1027021
1027256
1027471
1027724
1027978
1028210
1028461
1028727
1028878
1029141
1029382
1029625
1029891
1030151
1030400
1030686
1030957
1031251
1031489
1031680
1031953
1032175
1032375
1032580
1032864
1033078
1033302
1033551
1033789
1034016
1034283
1034532
1034754
1034952
1035137
1035315
1035514
1035725
1035939
1036147
1036387
1036587
1036790
1037043
1037289
1037486
1037707
1037934
1038223
1038451
1038747
1039035
1039217
1039418
1039635
1039853
1040032
1040255
1040489
1040669
1040914
1041147
1041303
1041498
1041751
1041981
1042183
1042410
1042642
1042917
1043186
1043427
1043645
1043854
1044050
1044209
1044372
1044622
1044757
1044923
1045193
1045457
1045673
1045955
1046210
1046481
1046755
1047043
1047276
1047546
1047775
1048031
1048314
1048559
1048805
1049048
1049300
1049507
1049739
1050016
1050242
1050481
1050718
1050954
1051237
1051476
1051735
1052017
1052288
1052528
1052791
1053074
1053293
1053501
1053778
1054028
1054257
1054503
1054702
1054920
1055156
1055426
1055609
1055870
1056102
1056334
1056573
1056763
1057056
1057330
1057552
1057828
1058119
1058382
1058617
1058931
1059136
1059367
1059511
1059739
1060022
1060320
1060573
1060847
1062516
1063717
1064713
1065871
1066958
1067873
1068970
1069784
1070945
1071985
1072932
1073427
1075047
1075964
1076642
1077464
1078091
1078766
1079306
1079911
1080801
1081821
1082759
1083806
1084737
1085416
1086640
1088057
1088840
1089516
1090455
1091041
1091613
1091890
1092612
1093072
1093475
1094068
1094511
1095108
1095471
1096036
1096276
1096545
1097122
1097488
1097751
1097952
1098612
1099539
1100106
1100414
1100935
1101179
1101307
1101440
1101717
1101834
1101994
1102129
1102282
1102400
1102584
1102789
1103716
1104557
1105780
1106641
1107287
1107869
1108681
1109294
1110140
1111298
1112423
1113507
1114258
1114878
1115541
1116342
1117009
1117506
1117981
1118485
1118925
1119296
1119826
1120286
1120810
1121548
1122282
1123072
1123890
1124446
1125806
1126416
1127622
1128307
1128641
1129064
1129741
1130595
1131248
1132109
1132259
1132525
1132844
1133256
1133734
1134225
1135013
1135950
1137088
1138379
1139419
1140897
1142424
1143650
1145491
1147292
1147967
1148866
1149990
1150898
1152668
1154682
1155633
1156774
1157010
1157244
1157604
1157994
1158204
1158404
1158702
1159034
1159379
1159716
1160088
1160441
1160772
1161110
1161430
1161750
1161877
1162041
1162311
1162517
1162834
1163125
1163477
1164042
1164444
1164841
1165308
1165962
1166533
1167235
1167854
1168457
1168806
1169079
1169456
1169712
1170051
1170456
1170817
1171284
1171530
1171820
1172112
1172412
1172767
1173131
1173483
1173853
1174338
1174936
1175462
1176016
1176511
1177053
1177599
1178181
1178606
1179168
1179607
1180017
1180598
1181219
1181729
1182219
1182714
1183458
1184000
1184646
1185815
1187123
1187987
1188996
1189790
1190643
1191321
1191987
1192883
1193917
1194802
1195713
1196804
1197822
1198604
1199679
1200748
1201484
1202835
1203985
1205177
1206526
1207631
1208966
1210573
1212166
1213837
1215479
1215950
1216491
1216983
1217557
1218386
1219310
1220105
1221072
1221638
1222320
1222876
1223470
1224173
1224999
1225704
1226491
1227581
1228671
1229642
1230660
1231920
1233108
1234187
1235357
1236272
1237193
1238036
1238906
1239907
1240989
1241798
1242621
1243258
1243847
1244426
1245036
1245620
1246119
1246599
1247084
1247634
1248172
1248694
1249241
1249733
1250209
1250692
1251142
1251657
1252277
1252755
1253278
1253981
1254651
1255199
1255765
1256239
1256714
1257159
1257548
1258027
1258497
1258889
1259387
1259955
1260439
1260946
1261371
1261758
1262127
1262551
1262964
1263411
1263842
1264267
1264684
1265090
1265500
1265865
1266258
1266679
1267114
1267494
1267897
1268280
1268699
1269104
1269498
1269880
1270264
1270618
1270954
1271230
1271536
1271852
1272235
1272769
1273388
1273938
1274523
1275164
1275766
1276364
1276970
1277462
1278022
1278475
1278949
1279487
1280043
1280509
1281024
1281666
1282332
1282910
1283514
1284218
1284962
1285644
1286351
1286884
1287505
1288037
1288548
1289148
1289776
1290363
1291040
1291503
1291965
1292362
1292771
1293255
1293793
1294251
1294695
1295037
1295356
1295707
1295987
1296378
1296805
1297167
1297557
1298068
1298578
1299014
1299538
1300069
1300686
1301158
1301749
1302229
1302683
1303109
1303593
1304126
1304645
1305081
1305576
1305981
1306337
1306746
1307155
1307525
1307884
1308269
1308623
1309037
1309373
1309817
1310250
1310636
1311013
1311349
1311698
1312047
1312419
1312749
1313101
1313446
1313804
1314141
1314521
1314872
1315216
1315564
1315891
1316223
1316562
1316852
1317163
1317552
1317946
1318293
1318638
1319003
1319359
1319675
1319996
1320353
1320711
1321074
1321364
1321650
1321974
1322263
1322577
1322936
1323253
1323563
1323852
1324160
1324460
1324746
1325091
1325412
1325729
1326030
1326304
1326634
1326933
1327266
1327511
1327880
1328284
1328655
1328990
1329362
1329793
1330141
1330525
1330867
1331223
1331554
1331907
1332254
1332639
1332953
1333299
1333703
1334192
1334558
1334961
1335392
1335891
1336294
1336758
1337130
1337460
1337826
1338144
1338420
1338788
1339132
1339438
1339754
1340088
1340422
1340689
1340948
1341196
1341323
1341557
1341873
1342156
1342443
1342718
1342992
1343261
1343517
1343748
1344031
1344336
1344539
1344819
1345165
1345495
1345734
1346077
1346307
1346531
1346778
1347041
1347238
1347493
1347733
1347892
1348505
1349176
1349764
1350443
1351104
1351653
1352275
1352955
1353439
1354201
1354690
1355289
1356153
1357268
1358165
1359329
1360020
1361039
1362418
1364077
1365558
1367309
1368943
1371113
1372563
1374451
1375867
1377689
1379976
1383715
1386819
1390060
1390677
1391330
1391958
1392649
1393570
1394723
1395618
1396700
1397388
1398210
1398937
1399747
1400675
1401878
1402744
1403801
1405226
1407128
1408584
1410351
1412717
1415472
1417829
1419743
1420976
1422558
1423494
1424673
1426413
1427656
1429626
1431086
1433909
1437555
1441529
1444889
1447686
1449801
1452293
1454162
1457531
1460371
1463156
1465152
1466809
1468209
1469820
1471313
1473048
1474368
1475860
1477016
1477976
1478680
1479632
1480313
1481586
1482588
1483778
1484787
1485494
1486164
1487005
1487633
1489520
1491242
1492577
1494162
1495796
1497205
1498531
1499771
1501150
1502659
1504218
1505820
1507171
1508318
1509638
1510672
1511796
1512717
1513661
1514548
1515369
1516001
1516727
1517299
1518242
1518986
1519664
1519996
1520392
1520832
1521173
1521484
1522230
1523033
1523772
1524663
1525602
1526685
1527666
1528710
1529419
1530228
1530956
1531804
1532791
1533886
1534892
1536170
1537153
1538786
1540387
1542351
1544226
1545675
1547318
1549030
1550555
1552450
1553780
1555211
1556962
1559362
1561175
1563860
1564617
1565505
1566334
1567423
1568387
1569467
1570575
1571618
1572432
1573410
1574189
1575079
1576101
1577047
1578004
1579015
1580008
1581417
1582734
1584555
1586286
1589349
1591465
1594561
1595991
1598066
1599557
1601698
1604119
1606969
1609274
1611716
1613183
1614651
1616165
1617488
1618686
1619507
1620504
1621106
1622980
1624392
1626750
1628191
1628935
1629466
1630071
1630496
1630990
1631285
1631849
1632263
1632538
1632841
1633130
1633449
1633959
1634440
1634747
1635058
1635442
1635731
1636109
1636391
1638798
1640258
1642862
1644507
1645275
1645780
1646471
1647037
1649449
1651151
1653486
1655661
1656688
1657334
1658874
1659739
1660216
1660570
1661046
1661506
1661766
1662058
1662307
1662578
1663055
1663502
1664073
1664517
1664884
1665106
1665515
1665820
1666591
1667368
1668105
1668768
1669490
1670319
1671432
1672824
1673420
1674433
1675030
1676267
1677613
1679276
1680808
1682870
1683867
1685008
1686419
1687883
1689115
1690326
1691972
1693484
1695448
1697757
1699909
1702124
1704396
1706870
1709121
1711368
1712370
1713732
1714901
1716560
1718393
1720582
1723228
1726172
1728242
1730757
1732758
1734767
1738433
1741092
1744303
1746600
1748243
1750017
1752053
1753566
1755049
1757011
1759020
1761164
1762860
1764385
1765732
1767221
1768718
1770198
1771675
1772823
1774002
1775103
1776461
1777742
1778679
1779539
1780402
1781267
1783209
1785251
1787806
1790487
1791621
1792556
1794194
1795164
1795894
1797080
1797886
1799009
1800376
1801530
1802960
1803959
1804848
1805548
1806173
1806775
1808019
1808804
1809797
1811031
1812959
1814143
1816069
1817678
1818738
1819376
1820351
1820911
1822240
1823654
1824861
1825892
1826836
1827507
1827978
1828719
1829068
1829437
1829867
1830493
1831065
1831925
1832434
1833194
1834047
1834614
1835467
1836120
1836387
1836813
1837110
1837299
1840079
1842477
1845557
1847621
1849641
1850842
1852214
1853148
1855320
1856332
1858169
1858778
1859712
1860532
1861340
1862194
1863267
1864348
1865247
1866038
1866960
1867719
1868456
1869164
1869946
1870751
1871534
1872299
1873096
1873897
1874570
1875221
1876532
1877212
1878386
1879086
1879954
1880659
1881326
1881961
1882789
1883281
1883982
1884430
1885006
1885635
1886004
1886444
1887149
1887824
1888385
1888969
1889613
1890192
1890767
1891259
1891745
1892110
1892561
1892913
1893296
1893650
1894004
1894324
1894950
1895603
1896181
1896768
1897224
1897781
1898195
1898633
1899273
1899821
1900423
1900864
1901342
1901782
1902237
1902710
1903265
1903798
1904259
1904683
1905133
1905388
1905885
1906259
1906662
1907126
1907571
1907990
1908469
1908962
1909347
1909698
1910212
1910701
1911129
1911462
1911896
1912297
1912637
1912976
1913371
1913776
1914118
1914408
1914732
1915035
1915292
1915513
1915847
1916265
1916597
1916977
1917323
1917667
1918002
1918369
1918617
1918876
1919055
1919266
1919560
1919834
1920017
1920230
1920898
1921397
1921998
1922447
1922847
1923308
1923749
1924201
1924782
1925320
1926030
1926763
1927404
1928027
1928686
1929318
1929847
1930372
1930923
1931444
1931944
1932370
1932879
1933297
1933845
1934367
1934986
1935562
1936098
1936572
1937092
1937601
1938304
1939141
1940067
1940954
1941716
1942334
1942975
1943568
1944483
1945256
1946289
1946935
1947521
1948193
1948932
1949660
1950222
1950808
1951291
1951856
1952449
1952987
1953475
1954003
1954686
1955238
1955913
1956538
1957055
1957634
1958247
1958821
1959249
1959689
1960147
1960584
1961032
1961436
1961884
1962274
1962745
1963199
1963686
1964120
1964533
1964935
1965391
1965773
1966148
1966526
1966880
1967161
1967522
1967884
1968182
1968501
1968808
1969034
1969235
1969554
1969865
1970140
1970460
1970687
1971226
1971762
1972335
1972856
1973278
1973622
1974106
1974432
1974958
1975353
1975921
1976366
1976759
1976879
1977155
1977339
1977609
1977970
1978301
1978616
1978932
1979202
1979469
1979732
1980008
1980378
1980663
1980874
1981212
1981542
1981757
1982005
1982967
1983621
1984300
1984965
1985750
1986538
1987301
1988138
1988778
1989508
1990183
1991006
1991778
1992523
1993300
1994019
1994790
1995481
1996244
1996979
1997636
1998221
1998900
1999594
2000223
2000939
2001486
2002137
2002832
2003479
2004080
2004722
2005694
2006680
2007974
2009011
2009831
2010568
2011451
2012012
2013453
2014508
2015976
2017188
2018210
2019106
2020203
2021240
2021675
2022085
2022607
2023174
2023805
2024438
2025011
2025630
2026441
2027072
2027834
2028661
2029265
2030023
2030640
2031510
2032112
2032576
2033212
2033711
2033929
2034186
2034358
2034664
2035308
2035829
2036474
2037065
2037262
2037559
2037977
2038234
2038569
2038902
2039255
2039561
2039805
2040010
2040302
2040548
2040894
2041174
2041512
2041798
2042071
2042291
2042568
2042787
2043428
2044059
2044689
2045260
2045820
2046173
2046768
2047141
2047910
2048408
2049275
2049904
2050525
2051025
2051492
2052069
2052358
2052688
2052968
2053299
2053580
2053791
2054061
2054269
2054603
2054974
2055354
2055766
2056080
2056358
2056747
2057051
